 c_update_adaptive
         100           2          10
           2           2
           2           2
 decay   0.66666666666666663                3
 S       0.50000000000000000       0.50000000000000000     
 I       0.20000000000000001       -4.0000000000000000     
 B       0.29999999999999999      -0.25000000000000000     
 neigh   0.10000000000000001       0.25000000000000000     
 NN      -1.0000000000000000       0.29999999999999999     
 SS      -1.0000000000000000       0.10000000000000001     
 min     0.29999999999999999      -0.10000000000000001     
 ihmax    2.0000000000000000        1.0000000000000000E-002  0.16000000000000000     
 sdecay    0.0000000000000000        2.6012294873748912E-002   3.9018442310623368E-002   5.8527663465935055E-002   8.7791495198902586E-002  0.13168724279835389       0.19753086419753085       0.29629629629629628       0.44444444444444442       0.66666666666666663        1.0000000000000000     
 bdecay    0.0000000000000000        1.0000000000000000       0.66666666666666663       0.44444444444444442       0.29629629629629628       0.19753086419753085       0.13168724279835389        8.7791495198902586E-002   5.8527663465935055E-002   3.9018442310623368E-002   2.6012294873748912E-002
 c_update_adaptive
 haux    0.0000000000000000        0.0000000000000000        0.0000000000000000        0.0000000000000000        0.0000000000000000        0.0000000000000000        0.0000000000000000        0.0000000000000000        0.0000000000000000        0.0000000000000000     
 nu    0.0000000000000000        0.0000000000000000        0.0000000000000000        0.0000000000000000        0.0000000000000000        0.0000000000000000        0.0000000000000000        0.0000000000000000        0.0000000000000000        0.0000000000000000     
